51
1 4 2 3 0 5 6 7 8 9 10 11 12 
1 8 2 3 0 4 5 6 7 9 10 11 12 
0 1 7 3 2 4 5 6 8 9 10 11 12 
1 5 3 0 2 4 6 7 8 9 10 11 12 
1 6 2 3 0 4 5 7 8 9 10 11 12 
1 7 0 3 2 4 5 6 8 9 10 11 12 
1 7 2 0 3 4 5 6 8 9 10 11 12 
1 0 4 3 2 5 6 7 8 9 10 11 12 
1 3 8 2 0 4 5 6 7 9 10 11 12 
1 7 8 2 0 3 4 5 6 9 10 11 12 
1 5 8 2 0 3 4 6 7 9 10 11 12 
1 2 4 3 0 5 6 7 8 9 10 11 12 
1 3 6 2 0 4 5 7 8 9 10 11 12 
1 6 3 0 2 4 5 7 8 9 10 11 12 
1 5 2 3 0 4 6 7 8 9 10 11 12 
1 3 5 2 0 4 6 7 8 9 10 11 12 
1 0 7 3 2 4 5 6 8 9 10 11 12 
1 5 7 2 0 3 4 6 8 9 10 11 12 
1 4 0 3 2 5 6 7 8 9 10 11 12 
1 8 0 3 2 4 5 6 7 9 10 11 12 
1 2 6 3 0 4 5 7 8 9 10 11 12 
1 3 2 0 4 5 6 7 8 9 10 11 12 
1 4 5 2 0 3 6 7 8 9 10 11 12 
1 4 6 2 0 3 5 7 8 9 10 11 12 
1 6 0 3 2 4 5 7 8 9 10 11 12 
1 4 7 2 0 3 5 6 8 9 10 11 12 
1 7 2 3 0 4 5 6 8 9 10 11 12 
1 6 8 2 0 3 4 5 7 9 10 11 12 
1 2 5 3 0 4 6 7 8 9 10 11 12 
1 8 2 0 3 4 5 6 7 9 10 11 12 
1 3 4 2 0 5 6 7 8 9 10 11 12 
1 6 2 0 3 4 5 7 8 9 10 11 12 
1 2 7 3 0 4 5 6 8 9 10 11 12 
1 4 2 0 3 5 6 7 8 9 10 11 12 
1 0 8 3 2 4 5 6 7 9 10 11 12 
0 1 4 3 2 5 6 7 8 9 10 11 12 
1 4 8 2 0 3 5 6 7 9 10 11 12 
1 5 2 0 3 4 6 7 8 9 10 11 12 
1 0 6 3 2 4 5 7 8 9 10 11 12 
1 0 5 3 2 4 6 7 8 9 10 11 12 
1 5 6 2 0 3 4 7 8 9 10 11 12 
1 2 8 3 0 4 5 6 7 9 10 11 12 
1 7 3 0 2 4 5 6 8 9 10 11 12 
0 1 8 3 2 4 5 6 7 9 10 11 12 
1 8 3 0 2 4 5 6 7 9 10 11 12 
1 5 0 3 2 4 6 7 8 9 10 11 12 
1 4 3 0 2 5 6 7 8 9 10 11 12 
1 3 7 2 0 4 5 6 8 9 10 11 12 
0 1 5 3 2 4 6 7 8 9 10 11 12 
0 1 6 3 2 4 5 7 8 9 10 11 12 
1 6 7 2 0 3 4 5 8 9 10 11 12 
