46
5 7 1 0 2 3 4 6 8 9 10 11 12 
5 6 1 0 2 3 4 7 8 9 10 11 12 
0 5 2 1 3 4 6 7 8 9 10 11 12 
1 3 2 0 4 5 6 7 8 9 10 11 12 
6 1 0 2 3 4 5 7 8 9 10 11 12 
7 0 2 1 3 4 5 6 8 9 10 11 12 
1 7 2 0 3 4 5 6 8 9 10 11 12 
6 1 2 0 3 4 5 7 8 9 10 11 12 
1 6 2 0 3 4 5 7 8 9 10 11 12 
2 1 0 3 4 5 6 7 8 9 10 11 12 
3 2 0 1 4 5 6 7 8 9 10 11 12 
4 2 0 1 3 5 6 7 8 9 10 11 12 
1 4 2 0 3 5 6 7 8 9 10 11 12 
6 0 2 1 3 4 5 7 8 9 10 11 12 
5 2 0 1 3 4 6 7 8 9 10 11 12 
4 7 1 0 2 3 5 6 8 9 10 11 12 
2 7 1 0 3 4 5 6 8 9 10 11 12 
1 5 2 0 3 4 6 7 8 9 10 11 12 
2 3 1 0 4 5 6 7 8 9 10 11 12 
3 7 1 0 2 4 5 6 8 9 10 11 12 
5 1 0 2 3 4 6 7 8 9 10 11 12 
3 4 1 0 2 5 6 7 8 9 10 11 12 
3 1 0 2 4 5 6 7 8 9 10 11 12 
2 6 1 0 3 4 5 7 8 9 10 11 12 
7 2 0 1 3 4 5 6 8 9 10 11 12 
3 6 1 0 2 4 5 7 8 9 10 11 12 
4 1 0 2 3 5 6 7 8 9 10 11 12 
2 4 1 0 3 5 6 7 8 9 10 11 12 
5 1 2 0 3 4 6 7 8 9 10 11 12 
0 3 2 1 4 5 6 7 8 9 10 11 12 
0 7 2 1 3 4 5 6 8 9 10 11 12 
3 1 2 0 4 5 6 7 8 9 10 11 12 
4 1 2 0 3 5 6 7 8 9 10 11 12 
4 6 1 0 2 3 5 7 8 9 10 11 12 
7 1 0 2 3 4 5 6 8 9 10 11 12 
0 6 2 1 3 4 5 7 8 9 10 11 12 
5 0 2 1 3 4 6 7 8 9 10 11 12 
0 4 2 1 3 5 6 7 8 9 10 11 12 
6 7 1 0 2 3 4 5 8 9 10 11 12 
3 0 2 1 4 5 6 7 8 9 10 11 12 
4 0 2 1 3 5 6 7 8 9 10 11 12 
3 5 1 0 2 4 6 7 8 9 10 11 12 
4 5 1 0 2 3 6 7 8 9 10 11 12 
2 5 1 0 3 4 6 7 8 9 10 11 12 
6 2 0 1 3 4 5 7 8 9 10 11 12 
7 1 2 0 3 4 5 6 8 9 10 11 12 
