72
2 1 7 3 0 4 5 6 8 9 10 11 12 
2 4 0 3 1 5 6 7 8 9 10 11 12 
2 8 0 3 1 4 5 6 7 9 10 11 12 
2 6 0 3 1 4 5 7 8 9 10 11 12 
2 1 0 3 5 6 7 4 8 9 10 11 12 
0 2 6 3 1 4 5 7 8 9 10 11 12 
0 2 5 3 1 4 6 7 8 9 10 11 12 
2 6 7 1 0 3 4 5 8 9 10 11 12 
2 1 8 3 0 4 5 6 7 9 10 11 12 
2 0 8 3 1 4 5 6 7 9 10 11 12 
2 4 5 1 0 3 6 7 8 9 10 11 12 
2 4 6 1 0 3 5 7 8 9 10 11 12 
2 1 0 4 5 6 7 3 8 9 10 11 12 
0 2 7 3 1 4 5 6 8 9 10 11 12 
2 1 0 3 5 6 7 8 4 9 10 11 12 
2 1 0 3 5 4 6 7 8 9 10 11 12 
2 4 1 3 0 5 6 7 8 9 10 11 12 
2 0 6 3 1 4 5 7 8 9 10 11 12 
2 8 1 3 0 4 5 6 7 9 10 11 12 
2 0 5 3 1 4 6 7 8 9 10 11 12 
2 7 3 0 1 4 5 6 8 9 10 11 12 
1 2 4 3 0 5 6 7 8 9 10 11 12 
2 3 1 0 4 5 6 7 8 9 10 11 12 
2 3 8 1 0 4 5 6 7 9 10 11 12 
2 1 0 3 4 6 7 8 5 9 10 11 12 
0 2 8 3 1 4 5 6 7 9 10 11 12 
2 6 1 0 3 4 5 7 8 9 10 11 12 
2 4 3 0 1 5 6 7 8 9 10 11 12 
2 8 3 0 1 4 5 6 7 9 10 11 12 
2 7 1 3 0 4 5 6 8 9 10 11 12 
2 7 8 1 0 3 4 5 6 9 10 11 12 
2 6 8 1 0 3 4 5 7 9 10 11 12 
2 5 0 3 1 4 6 7 8 9 10 11 12 
2 1 0 3 4 6 5 7 8 9 10 11 12 
2 1 0 4 3 5 6 7 8 9 10 11 12 
2 5 1 0 3 4 6 7 8 9 10 11 12 
2 5 6 1 0 3 4 7 8 9 10 11 12 
1 2 6 3 0 4 5 7 8 9 10 11 12 
2 1 0 4 5 6 7 8 3 9 10 11 12 
2 1 0 4 5 3 6 7 8 9 10 11 12 
2 4 8 1 0 3 5 6 7 9 10 11 12 
2 7 0 3 1 4 5 6 8 9 10 11 12 
1 2 5 3 0 4 6 7 8 9 10 11 12 
2 3 5 1 0 4 6 7 8 9 10 11 12 
2 1 0 3 5 6 4 7 8 9 10 11 12 
2 3 6 1 0 4 5 7 8 9 10 11 12 
2 0 4 3 1 5 6 7 8 9 10 11 12 
1 2 7 3 0 4 5 6 8 9 10 11 12 
2 3 7 1 0 4 5 6 8 9 10 11 12 
2 1 0 3 4 5 6 7 8 9 10 11 12 
2 5 1 3 0 4 6 7 8 9 10 11 12 
2 1 4 3 0 5 6 7 8 9 10 11 12 
2 5 7 1 0 3 4 6 8 9 10 11 12 
2 1 0 4 5 6 3 7 8 9 10 11 12 
2 1 0 3 4 6 7 5 8 9 10 11 12 
2 1 0 3 4 5 6 8 7 9 10 11 12 
2 4 7 1 0 3 5 6 8 9 10 11 12 
2 1 0 3 4 5 7 6 8 9 10 11 12 
2 3 4 1 0 5 6 7 8 9 10 11 12 
2 6 1 3 0 4 5 7 8 9 10 11 12 
2 7 1 0 3 4 5 6 8 9 10 11 12 
0 2 4 3 1 5 6 7 8 9 10 11 12 
2 6 3 0 1 4 5 7 8 9 10 11 12 
1 2 8 3 0 4 5 6 7 9 10 11 12 
2 4 1 0 3 5 6 7 8 9 10 11 12 
2 8 1 0 3 4 5 6 7 9 10 11 12 
2 5 8 1 0 3 4 6 7 9 10 11 12 
2 0 7 3 1 4 5 6 8 9 10 11 12 
2 1 0 3 4 5 7 8 6 9 10 11 12 
2 5 3 0 1 4 6 7 8 9 10 11 12 
2 1 5 3 0 4 6 7 8 9 10 11 12 
2 1 6 3 0 4 5 7 8 9 10 11 12 
