46
(m-3) of these
Bring 3 to the front. Then bring c >= 4 to the front.
3 2 0 1 4 5 6 7 8 9 10 11 
4 2 0 1 3 5 6 7 8 9 10 11 
5 2 0 1 3 4 6 7 8 9 10 11 
6 2 0 1 3 4 5 7 8 9 10 11 
7 2 0 1 3 4 5 6 8 9 10 11 
=
4(m-3) of these
Bring 3 then (1 or 2) to the front. Then bring c >= 4 to either position 1 or 2.
1 3 2 0 4 5 6 7 8 9 10 11 
3 1 2 0 4 5 6 7 8 9 10 11 
1 4 2 0 3 5 6 7 8 9 10 11 
4 1 2 0 3 5 6 7 8 9 10 11 
1 5 2 0 3 4 6 7 8 9 10 11 
5 1 2 0 3 4 6 7 8 9 10 11 
1 6 2 0 3 4 5 7 8 9 10 11 
6 1 2 0 3 4 5 7 8 9 10 11 
1 7 2 0 3 4 5 6 8 9 10 11 
7 1 2 0 3 4 5 6 8 9 10 11 

0 3 2 1 4 5 6 7 8 9 10 11 
3 0 2 1 4 5 6 7 8 9 10 11 
0 4 2 1 3 5 6 7 8 9 10 11 
4 0 2 1 3 5 6 7 8 9 10 11 
0 5 2 1 3 4 6 7 8 9 10 11 
5 0 2 1 3 4 6 7 8 9 10 11 
0 6 2 1 3 4 5 7 8 9 10 11 
6 0 2 1 3 4 5 7 8 9 10 11 
0 7 2 1 3 4 5 6 8 9 10 11 
7 0 2 1 3 4 5 6 8 9 10 11 
=
(m-2) + (m-2 choose 2) of these
Swap 1 and 2, then bring not necessarily distinct c,d >= 3 to the front in increasing order.
2 1 0 3 4 5 6 7 8 9 10 11 
3 1 0 2 4 5 6 7 8 9 10 11 
4 1 0 2 3 5 6 7 8 9 10 11 
5 1 0 2 3 4 6 7 8 9 10 11 
6 1 0 2 3 4 5 7 8 9 10 11 
7 1 0 2 3 4 5 6 8 9 10 11 
2 3 1 0 4 5 6 7 8 9 10 11 
2 4 1 0 3 5 6 7 8 9 10 11 
2 5 1 0 3 4 6 7 8 9 10 11 
2 6 1 0 3 4 5 7 8 9 10 11 
2 7 1 0 3 4 5 6 8 9 10 11 
3 4 1 0 2 5 6 7 8 9 10 11 
3 5 1 0 2 4 6 7 8 9 10 11 
3 6 1 0 2 4 5 7 8 9 10 11 
3 7 1 0 2 4 5 6 8 9 10 11 
4 5 1 0 2 3 6 7 8 9 10 11 
4 6 1 0 2 3 5 7 8 9 10 11 
4 7 1 0 2 3 5 6 8 9 10 11 
5 6 1 0 2 3 4 7 8 9 10 11 
5 7 1 0 2 3 4 6 8 9 10 11 
6 7 1 0 2 3 4 5 8 9 10 11 
